timestamp,symbol,open,high,low,close,volume
2025-03-10T02:58:00+00:00,BTCUSDT,87200.0,87200.0,87200.0,87200.0,0.000114
2025-03-10T02:59:00+00:00,BTCUSDT,87200.0,87200.0,87200.0,87200.0,0.000114
2025-03-10T03:00:00+00:00,BTCUSDT,87200.0,87200.0,87200.0,87200.0,0.001239
2025-03-10T03:01:00+00:00,BTCUSDT,87200.0,87200.0,87200.0,87200.0,0.000125
2025-03-10T03:06:00+00:00,BTCUSDT,87200.0,87200.0,87200.0,87200.0,0.000519
2025-03-10T03:07:00+00:00,BTCUSDT,87000.0,87375.0,87000.0,87375.0,0.000517
2025-03-10T03:08:00+00:00,BTCUSDT,87375.0,87375.0,87200.0,87200.0,0.000114
2025-03-10T03:09:00+00:00,BTCUSDT,87200.0,87375.0,87200.0,87375.0,0.000114
2025-03-10T03:12:00+00:00,BTCUSDT,87400.0,87400.0,86400.0,86800.0,0.047388
2025-03-10T03:13:00+00:00,BTCUSDT,86400.0,86400.0,86200.0,86200.0,0.009499
2025-03-10T03:16:00+00:00,BTCUSDT,86400.0,86400.0,86400.0,86400.0,0.001168
2025-03-10T03:18:00+00:00,BTCUSDT,86400.0,86400.0,86400.0,86400.0,0.000115
2025-03-10T03:19:00+00:00,BTCUSDT,86400.0,86600.0,86400.0,86600.0,0.011768
2025-03-10T03:20:00+00:00,BTCUSDT,87200.0,87200.0,87200.0,87200.0,0.002133
2025-03-10T03:21:00+00:00,BTCUSDT,90000.0,90100.0,90000.0,90100.0,0.03404
2025-03-10T03:22:00+00:00,BTCUSDT,90100.0,90150.0,90100.0,90150.0,0.001
2025-03-10T03:24:00+00:00,BTCUSDT,90000.0,90200.0,90000.0,90200.0,0.001108
2025-03-10T03:26:00+00:00,BTCUSDT,82272.4,82272.4,82272.4,82272.4,0.001227
2025-03-10T03:27:00+00:00,BTCUSDT,82272.4,82272.4,81908.78,81908.78,0.001
2025-03-10T03:28:00+00:00,BTCUSDT,81838.76,81838.76,81838.76,81838.76,0.001
2025-03-10T03:29:00+00:00,BTCUSDT,81838.76,81838.76,81838.76,81838.76,0.001
2025-03-10T03:30:00+00:00,BTCUSDT,81838.76,81838.76,81838.76,81838.76,0.001
2025-03-10T03:34:00+00:00,BTCUSDT,82090.59,82090.59,81930.96,82027.32,0.0002
2025-03-10T03:35:00+00:00,BTCUSDT,82027.32,82090.59,82013.53,82013.53,0.0002
2025-03-10T03:36:00+00:00,BTCUSDT,82090.59,82090.59,82090.59,82090.59,0.00123
2025-03-10T03:38:00+00:00,BTCUSDT,82090.59,82090.59,82090.59,82090.59,0.000121
2025-03-10T03:39:00+00:00,BTCUSDT,82090.59,82090.59,82090.59,82090.59,0.000121
2025-03-10T03:43:00+00:00,BTCUSDT,82090.59,82090.59,82090.59,82090.59,0.005303
2025-03-10T03:46:00+00:00,BTCUSDT,82090.59,82272.4,82090.59,82090.59,0.000134
2025-03-10T03:48:00+00:00,BTCUSDT,82272.4,82272.4,82272.4,82272.4,0.000157
2025-03-10T03:49:00+00:00,BTCUSDT,82272.4,82272.4,82272.4,82272.4,0.000121
2025-03-10T03:52:00+00:00,BTCUSDT,82272.4,82272.4,82272.4,82272.4,0.002505
2025-03-10T03:54:00+00:00,BTCUSDT,82636.02,82672.4,81838.76,82090.59,1.697922
2025-03-10T03:56:00+00:00,BTCUSDT,82090.59,82090.59,82090.59,82090.59,0.00123
2025-03-10T03:58:00+00:00,BTCUSDT,82090.59,82090.59,82074.52,82074.52,0.000121
2025-03-10T04:20:00+00:00,BTCUSDT,90200.0,90200.0,89800.0,89800.0,0.000105
2025-03-10T04:26:00+00:00,BTCUSDT,90200.0,90200.0,90200.0,90200.0,0.001119
2025-03-10T04:28:00+00:00,BTCUSDT,90200.0,90200.0,90200.0,90200.0,0.00011
2025-03-10T04:29:00+00:00,BTCUSDT,90200.0,90200.0,90200.0,90200.0,0.00011
2025-03-10T04:36:00+00:00,BTCUSDT,90200.0,90200.0,90149.89,90149.89,0.000116
2025-03-10T04:38:00+00:00,BTCUSDT,90200.0,90200.0,90200.0,90200.0,0.00011
2025-03-10T04:39:00+00:00,BTCUSDT,90200.0,90200.0,90200.0,90200.0,0.00011
2025-03-10T04:45:00+00:00,BTCUSDT,90200.0,90200.0,90200.0,90200.0,0.0
2025-03-10T04:46:00+00:00,BTCUSDT,90200.0,90200.0,90200.0,90200.0,0.00113
2025-03-10T04:48:00+00:00,BTCUSDT,90200.0,90200.0,90181.2,90187.47,0.00011
2025-03-10T04:49:00+00:00,BTCUSDT,90187.47,90187.47,90137.37,90137.37,0.000172
2025-03-10T04:55:00+00:00,BTCUSDT,90182.58,90260.16,90182.58,90260.16,0.005542
2025-03-10T04:56:00+00:00,BTCUSDT,90260.16,90260.16,90260.16,90260.16,0.001118
2025-03-10T04:58:00+00:00,BTCUSDT,90260.16,90260.16,90260.16,90260.16,0.00011
2025-03-10T04:59:00+00:00,BTCUSDT,90260.16,90260.16,90260.16,90260.16,0.00011
2025-03-10T05:01:00+00:00,BTCUSDT,90260.16,90400.0,90260.16,90400.0,0.001011
2025-03-10T05:05:00+00:00,BTCUSDT,90400.0,90400.0,90175.91,90175.91,0.000105
2025-03-10T05:06:00+00:00,BTCUSDT,90175.91,90400.0,90175.91,90400.0,0.001117
2025-03-10T05:08:00+00:00,BTCUSDT,90400.0,90400.0,90400.0,90400.0,0.00011
2025-03-10T05:09:00+00:00,BTCUSDT,90400.0,90400.0,90400.0,90400.0,0.000221
2025-03-10T05:15:00+00:00,BTCUSDT,90400.0,90400.0,89000.0,89000.0,0.1
2025-03-10T05:16:00+00:00,BTCUSDT,89000.0,89400.0,89000.0,89400.0,0.001129
2025-03-10T05:18:00+00:00,BTCUSDT,89400.0,89400.0,89400.0,89400.0,0.000111
2025-03-10T05:19:00+00:00,BTCUSDT,89400.0,89400.0,89400.0,89400.0,0.000111
2025-03-10T05:24:00+00:00,BTCUSDT,89400.0,89400.0,89000.0,89000.0,0.005064
2025-03-10T05:25:00+00:00,BTCUSDT,88800.0,88800.0,88000.0,88000.0,0.038126
2025-03-10T05:26:00+00:00,BTCUSDT,86000.0,86000.0,85000.0,85000.0,0.047564
2025-03-10T05:27:00+00:00,BTCUSDT,82000.0,82000.0,81000.0,81000.0,544.30732
2025-03-10T05:28:00+00:00,BTCUSDT,81000.0,81000.0,80830.0,80830.0,1800.0
2025-03-10T05:29:00+00:00,BTCUSDT,81000.0,81000.0,80830.0,80830.0,1.0
2025-03-10T05:30:00+00:00,BTCUSDT,80000.0,80000.0,74807.07,74807.07,80.29537
2025-03-10T05:31:00+00:00,BTCUSDT,75000.0,75181.81,75000.0,75000.0,1.000013
