timestamp,symbol,open,high,low,close,volume
2025-03-10T02:58:00+00:00,BTCUSDT,87200.0,87200.0,87200.0,87200.0,0.000114
2025-03-10T02:59:00+00:00,BTCUSDT,87200.0,87200.0,87200.0,87200.0,0.000114
2025-03-10T03:00:00+00:00,BTCUSDT,87200.0,87200.0,87200.0,87200.0,0.001239
2025-03-10T03:01:00+00:00,BTCUSDT,87200.0,87200.0,87200.0,87200.0,0.000125
2025-03-10T03:06:00+00:00,BTCUSDT,87200.0,87200.0,87200.0,87200.0,0.000519
2025-03-10T03:07:00+00:00,BTCUSDT,87000.0,87375.0,87000.0,87375.0,0.000517
2025-03-10T03:08:00+00:00,BTCUSDT,87375.0,87375.0,87200.0,87200.0,0.000114
2025-03-10T03:09:00+00:00,BTCUSDT,87200.0,87375.0,87200.0,87375.0,0.000114
2025-03-10T03:12:00+00:00,BTCUSDT,87400.0,87400.0,86400.0,86800.0,0.047388
2025-03-10T03:13:00+00:00,BTCUSDT,86400.0,86400.0,86200.0,86200.0,0.009499
2025-03-10T03:16:00+00:00,BTCUSDT,86400.0,86400.0,86400.0,86400.0,0.001168
2025-03-10T03:18:00+00:00,BTCUSDT,86400.0,86400.0,86400.0,86400.0,0.000115
2025-03-10T03:19:00+00:00,BTCUSDT,86400.0,86600.0,86400.0,86600.0,0.011768
2025-03-10T03:20:00+00:00,BTCUSDT,87200.0,87200.0,87200.0,87200.0,0.002133
2025-03-10T03:21:00+00:00,BTCUSDT,90000.0,90100.0,90000.0,90100.0,0.03404
2025-03-10T03:22:00+00:00,BTCUSDT,90100.0,90150.0,90100.0,90150.0,0.001
2025-03-10T03:24:00+00:00,BTCUSDT,90000.0,90200.0,90000.0,90200.0,0.001108
2025-03-10T03:26:00+00:00,BTCUSDT,82272.4,82272.4,82272.4,82272.4,0.001227
2025-03-10T03:27:00+00:00,BTCUSDT,82272.4,82272.4,81908.78,81908.78,0.001
2025-03-10T03:28:00+00:00,BTCUSDT,81838.76,81838.76,81838.76,81838.76,0.001
2025-03-10T03:29:00+00:00,BTCUSDT,81838.76,81838.76,81838.76,81838.76,0.001
2025-03-10T03:30:00+00:00,BTCUSDT,81838.76,81838.76,81838.76,81838.76,0.001
2025-03-10T03:34:00+00:00,BTCUSDT,82090.59,82090.59,81930.96,82027.32,0.0002
2025-03-10T03:35:00+00:00,BTCUSDT,82027.32,82090.59,82013.53,82013.53,0.0002
2025-03-10T03:36:00+00:00,BTCUSDT,82090.59,82090.59,82090.59,82090.59,0.00123
2025-03-10T03:38:00+00:00,BTCUSDT,82090.59,82090.59,82090.59,82090.59,0.000121
2025-03-10T03:39:00+00:00,BTCUSDT,82090.59,82090.59,82090.59,82090.59,0.000121
2025-03-10T03:43:00+00:00,BTCUSDT,82090.59,82090.59,82090.59,82090.59,0.005303
2025-03-10T03:46:00+00:00,BTCUSDT,82090.59,82272.4,82090.59,82090.59,0.000134
2025-03-10T03:48:00+00:00,BTCUSDT,82272.4,82272.4,82272.4,82272.4,0.000157
2025-03-10T03:49:00+00:00,BTCUSDT,82272.4,82272.4,82272.4,82272.4,0.000121
2025-03-10T03:52:00+00:00,BTCUSDT,82272.4,82272.4,82272.4,82272.4,0.002505
2025-03-10T03:54:00+00:00,BTCUSDT,82636.02,82672.4,81838.76,82090.59,1.697922
2025-03-10T03:56:00+00:00,BTCUSDT,82090.59,82090.59,82090.59,82090.59,0.00123
2025-03-10T03:58:00+00:00,BTCUSDT,82090.59,82090.59,82074.52,82074.52,0.000121
2025-03-10T04:20:00+00:00,BTCUSDT,90200.0,90200.0,89800.0,89800.0,0.000105
2025-03-10T04:26:00+00:00,BTCUSDT,90200.0,90200.0,90200.0,90200.0,0.001119
2025-03-10T04:28:00+00:00,BTCUSDT,90200.0,90200.0,90200.0,90200.0,0.00011
2025-03-10T04:29:00+00:00,BTCUSDT,90200.0,90200.0,90200.0,90200.0,0.00011
2025-03-10T04:36:00+00:00,BTCUSDT,90200.0,90200.0,90149.89,90149.89,0.000116
2025-03-10T04:38:00+00:00,BTCUSDT,90200.0,90200.0,90200.0,90200.0,0.00011
2025-03-10T04:39:00+00:00,BTCUSDT,90200.0,90200.0,90200.0,90200.0,0.00011
2025-03-10T04:45:00+00:00,BTCUSDT,90200.0,90200.0,90200.0,90200.0,0.0
2025-03-10T04:46:00+00:00,BTCUSDT,90200.0,90200.0,90200.0,90200.0,0.00113
2025-03-10T04:48:00+00:00,BTCUSDT,90200.0,90200.0,90181.2,90187.47,0.00011
2025-03-10T04:49:00+00:00,BTCUSDT,90187.47,90187.47,90137.37,90137.37,0.000172
2025-03-10T04:55:00+00:00,BTCUSDT,90182.58,90260.16,90182.58,90260.16,0.005542
2025-03-10T04:56:00+00:00,BTCUSDT,90260.16,90260.16,90260.16,90260.16,0.001118
2025-03-10T04:58:00+00:00,BTCUSDT,90260.16,90260.16,90260.16,90260.16,0.00011
2025-03-10T04:59:00+00:00,BTCUSDT,90260.16,90260.16,90260.16,90260.16,0.00011
2025-03-10T05:01:00+00:00,BTCUSDT,90260.16,90400.0,90260.16,90400.0,0.001011
2025-03-10T05:05:00+00:00,BTCUSDT,90400.0,90400.0,90175.91,90175.91,0.000105
2025-03-10T05:06:00+00:00,BTCUSDT,90175.91,90400.0,90175.91,90400.0,0.001117
2025-03-10T05:08:00+00:00,BTCUSDT,90400.0,90400.0,90400.0,90400.0,0.00011
2025-03-10T05:09:00+00:00,BTCUSDT,90400.0,90400.0,90400.0,90400.0,0.000221
2025-03-10T05:15:00+00:00,BTCUSDT,90400.0,90400.0,89000.0,89000.0,0.1
2025-03-10T05:16:00+00:00,BTCUSDT,89000.0,89400.0,89000.0,89400.0,0.001129
2025-03-10T05:18:00+00:00,BTCUSDT,89400.0,89400.0,89400.0,89400.0,0.000111
2025-03-10T05:19:00+00:00,BTCUSDT,89400.0,89400.0,89400.0,89400.0,0.000111
2025-03-10T05:24:00+00:00,BTCUSDT,89400.0,89400.0,89000.0,89000.0,0.005064
2025-03-10T05:25:00+00:00,BTCUSDT,88800.0,88800.0,88000.0,88000.0,0.038126
2025-03-10T05:26:00+00:00,BTCUSDT,86000.0,86000.0,85000.0,85000.0,0.047564
2025-03-10T05:27:00+00:00,BTCUSDT,82000.0,82000.0,81000.0,81000.0,544.30732
2025-03-10T05:28:00+00:00,BTCUSDT,81000.0,81000.0,80830.0,80830.0,1800.0
2025-03-10T05:29:00+00:00,BTCUSDT,81000.0,81000.0,80830.0,80830.0,1.0
2025-03-10T05:30:00+00:00,BTCUSDT,80000.0,80000.0,74807.07,74807.07,80.29537
2025-03-10T05:31:00+00:00,BTCUSDT,75000.0,75181.81,75000.0,75000.0,1.000013
2025-03-10T05:36:00+00:00,BTCUSDT,75000.0,75181.81,75000.0,75181.81,0.001343
2025-03-10T05:38:00+00:00,BTCUSDT,75181.81,75181.81,75181.81,75181.81,0.000133
2025-03-10T05:39:00+00:00,BTCUSDT,75181.81,75181.81,75181.81,75181.81,0.000133
2025-03-10T05:46:00+00:00,BTCUSDT,75181.81,75181.81,75181.81,75181.81,0.001356
2025-03-10T05:48:00+00:00,BTCUSDT,75181.81,75181.81,75181.81,75181.81,0.000133
2025-03-10T05:49:00+00:00,BTCUSDT,75181.81,75181.81,75181.81,75181.81,0.000133
2025-03-10T05:56:00+00:00,BTCUSDT,75181.81,75181.81,75181.81,75181.81,0.001343
2025-03-10T05:57:00+00:00,BTCUSDT,75181.81,75181.81,75181.81,75181.81,0.031877
2025-03-10T05:58:00+00:00,BTCUSDT,75181.81,75181.81,75181.81,75181.81,0.000133
2025-03-10T05:59:00+00:00,BTCUSDT,75181.81,75181.81,75181.81,75181.81,0.000133
2025-03-10T06:00:00+00:00,ETHUSDT,2023.17,2063.83,2023.17,2063.83,0.00484
2025-03-10T06:01:00+00:00,ETHUSDT,2063.83,2063.83,2063.83,2063.83,0.00048
2025-03-10T06:02:00+00:00,ETHUSDT,2063.83,2084.47,2063.83,2084.47,0.28154
2025-03-10T06:25:00+00:00,BTCUSDT,75181.81,75181.81,75181.81,75181.81,0.013301
2025-03-10T06:26:00+00:00,BTCUSDT,75181.81,75181.81,75181.81,75181.81,0.000157
2025-03-10T06:27:00+00:00,BTCUSDT,75181.81,75181.81,75181.81,75181.81,0.000144
2025-03-10T06:28:00+00:00,BTCUSDT,75181.81,75181.81,75181.81,75181.81,0.000144
2025-03-10T06:29:00+00:00,BTCUSDT,75181.81,75181.81,75181.81,75181.81,0.000144
2025-03-10T06:30:00+00:00,BTCUSDT,75181.81,75181.81,75181.81,75181.81,0.000288
2025-03-10T06:31:00+00:00,ETHUSDT,2069.95,2069.95,2069.95,2069.95,0.0
2025-03-10T06:31:00+00:00,BTCUSDT,75181.81,75181.81,75181.81,75181.81,0.000144
2025-03-10T06:32:00+00:00,BTCUSDT,75181.81,75181.81,75181.81,75181.81,0.000144
2025-03-10T06:33:00+00:00,BTCUSDT,75181.81,75181.81,75181.81,75181.81,0.000192
2025-03-10T06:34:00+00:00,BTCUSDT,75181.81,75181.81,75000.0,75181.81,0.000992
2025-03-10T06:35:00+00:00,BTCUSDT,75181.81,75181.81,75181.81,75181.81,0.000192
2025-03-10T06:36:00+00:00,BTCUSDT,75181.81,75181.81,75181.81,75181.81,0.000192
2025-03-10T06:37:00+00:00,BTCUSDT,75181.81,75181.81,75181.81,75181.81,0.000192
2025-03-10T06:38:00+00:00,BTCUSDT,75181.81,75181.81,75181.81,75181.81,0.000192
2025-03-10T06:39:00+00:00,BTCUSDT,75181.81,75181.81,75181.81,75181.81,0.000192
2025-03-10T06:40:00+00:00,BTCUSDT,75181.81,75181.81,75181.81,75181.81,0.000192
2025-03-10T06:41:00+00:00,BTCUSDT,75181.81,75181.81,75181.81,75181.81,0.000192
2025-03-10T06:42:00+00:00,BTCUSDT,75181.81,75181.81,75181.81,75181.81,0.000192
2025-03-10T06:43:00+00:00,BTCUSDT,75181.81,75181.81,75181.81,75181.81,0.000192
2025-03-10T06:44:00+00:00,BTCUSDT,75181.81,75181.81,75181.81,75181.81,0.000192
2025-03-10T06:44:00+00:00,ETHUSDT,2069.95,2100.0,2069.95,2100.0,0.00523
2025-03-10T06:45:00+00:00,BTCUSDT,75181.81,75181.81,75181.81,75181.81,0.00024
2025-03-10T06:45:00+00:00,ETHUSDT,2100.0,2100.0,2100.0,2100.0,0.02935
2025-03-10T06:46:00+00:00,BTCUSDT,75181.81,75181.81,75181.81,75181.81,0.00024
2025-03-10T06:46:00+00:00,ETHUSDT,2200.0,2200.0,2180.2,2180.2,0.00045
2025-03-10T06:47:00+00:00,BTCUSDT,75000.0,75181.81,75000.0,75181.81,0.00024
2025-03-10T06:48:00+00:00,BTCUSDT,75181.81,75181.81,75181.81,75181.81,0.00024
2025-03-10T06:49:00+00:00,BTCUSDT,75181.81,75181.81,75181.81,75181.81,0.00024
2025-03-10T06:50:00+00:00,BTCUSDT,75181.81,75181.81,75181.81,75181.81,0.00024
2025-03-10T06:50:00+00:00,ETHUSDT,2160.57,2179.75,2160.57,2179.75,0.00182
2025-03-10T06:51:00+00:00,BTCUSDT,75181.81,75181.81,75181.81,75181.81,0.00024
2025-03-10T06:52:00+00:00,BTCUSDT,75181.81,75181.81,75181.81,75181.81,0.00024
2025-03-10T06:53:00+00:00,BTCUSDT,75181.81,75181.81,75181.81,75181.81,0.00024
2025-03-10T06:54:00+00:00,BTCUSDT,75181.81,75181.81,75181.81,75181.81,0.000288
2025-03-10T06:55:00+00:00,BTCUSDT,75181.81,75181.81,75181.81,75181.81,0.000288
2025-03-10T06:56:00+00:00,BTCUSDT,75181.81,75181.81,75181.81,75181.81,0.001343
2025-03-10T06:58:00+00:00,BTCUSDT,75181.81,75181.81,75181.81,75181.81,0.000288
2025-03-10T06:59:00+00:00,ETHUSDT,2091.55,2091.55,2091.55,2091.55,0.0
2025-03-10T06:59:00+00:00,BTCUSDT,75181.81,75181.81,75181.81,75181.81,0.000146
2025-03-10T07:00:00+00:00,BTCUSDT,75181.81,75181.81,75181.81,75181.81,0.000288
2025-03-10T07:01:00+00:00,BTCUSDT,75181.81,75181.81,75000.0,75000.0,0.000146
2025-03-10T07:02:00+00:00,ETHUSDT,2091.55,2179.75,2091.55,2179.75,0.005
2025-03-10T07:02:00+00:00,BTCUSDT,75181.81,75181.81,75181.81,75181.81,0.000288
2025-03-10T07:03:00+00:00,ETHUSDT,2063.8,2279.75,2063.8,2279.75,0.01293
2025-03-10T07:03:00+00:00,BTCUSDT,75181.81,75181.81,75181.81,75181.81,0.000288
2025-03-10T07:05:00+00:00,BTCUSDT,75000.0,75181.81,75000.0,75181.81,0.0062
2025-03-10T07:05:00+00:00,ETHUSDT,2279.75,2279.75,2256.95,2256.95,0.00525
2025-03-10T07:06:00+00:00,BTCUSDT,75181.81,75181.81,75000.0,75000.0,47.210298
2025-03-10T07:08:00+00:00,BTCUSDT,75000.0,75181.81,75000.0,75181.81,0.000133
2025-03-10T07:09:00+00:00,BTCUSDT,75181.81,75181.83,75181.81,75181.83,0.000336
2025-03-10T07:10:00+00:00,BTCUSDT,75181.83,75363.62,75181.83,75363.62,0.001405
2025-03-10T07:12:00+00:00,ETHUSDT,2276.95,2276.95,2276.95,2276.95,0.0
2025-03-10T07:12:00+00:00,BTCUSDT,75727.24,75727.24,75545.43,75545.43,0.002677
2025-03-10T07:13:00+00:00,BTCUSDT,75545.43,75545.43,75545.43,75545.43,0.002867
2025-03-10T07:15:00+00:00,BTCUSDT,75545.43,75727.24,75545.43,75727.24,0.000384
2025-03-10T07:16:00+00:00,BTCUSDT,75727.24,75727.24,75727.24,75727.24,0.001359
2025-03-10T07:17:00+00:00,BTCUSDT,75727.24,75727.24,75727.24,75727.24,0.000384
2025-03-10T07:18:00+00:00,BTCUSDT,75727.24,75727.24,75727.24,75727.24,0.000132
2025-03-10T07:19:00+00:00,BTCUSDT,75727.24,75727.24,75727.24,75727.24,0.000384
2025-03-10T07:23:00+00:00,BTCUSDT,75727.24,75727.24,75727.24,75727.24,0.000432
2025-03-10T07:25:00+00:00,ETHUSDT,2276.95,2276.95,2276.95,2276.95,0.0
2025-03-10T07:25:00+00:00,BTCUSDT,75727.24,75727.24,75685.17,75685.17,0.000132
2025-03-10T07:26:00+00:00,BTCUSDT,75685.17,75727.24,75685.17,75727.24,0.001013
2025-03-10T07:27:00+00:00,BTCUSDT,75181.81,75181.81,75181.81,75181.81,11.825225
